112
20899802
808
2133
3
9
53936
53236
67775
99
999
6339
875111
6997
442897
950808
499226
373275
743964
504358
327729
720443
384572
101951
120385
681498
309167
617033
284757
950359
755802
334451
401524
392623
303749
219273
986768
350873
735901
482467
635556
498346
45341
806064
917681
408691
742073
893626
905408
847044
298708
741589
556763
67806
580331
627949
403923
994039
40190
517390
384783
63762
792854
653079
404760
631578
590621
654629
773414
587560
152363
262964
742712
922433
385354
722769
57682
274771
677207
100696
293724
349533
603490
902203
408422
416622
69999
359793
492914
509818
485253
405385
625041
528800
881578
184239
124591
408512
2000
687608
513491
1497
566241
103398
981993
241642
485870
965104
436722
924414
451576
641530
732668
